Anne Hathaway

tri0_vertices_raw = [(298.6477272727272, 236.44480519480516), (289.18885281385275, 258.90963203463201), (269.08874458874453, 269.55086580086578), (260.81222943722935, 309.75108225108227), (240.71212121212113, 335.76298701298697), (202.87662337662329, 366.50432900432901), (137.84686147186142, 365.32196969696969), (101.19372294372289, 338.12770562770561), (82.275974025973937, 306.20400432900431), (76.364177489177393, 268.36850649350652), (59.811147186147139, 256.54491341991343), (50.352272727272634, 234.08008658008657), (47.987554112554051, 193.87987012987008), (76.364177489177393, 180.87391774891773), (94.099567099567025, 101.65584415584414), (176.86471861471853, 73.279220779220736), (248.98863636363626, 98.108766233766175), (267.90638528138521, 182.05627705627705), (293.91829004328997, 197.42694805194805), (250.17099567099558, 203.33874458874459), (224.15909090909082, 211.61525974025972), (198.14718614718606, 202.15638528138527), (226.52380952380946, 186.78571428571428), (224.15909090909082, 202.15638528138527), (254.9004329004328, 171.41504329004329), (227.70616883116872, 171.41504329004329), (192.23538961038952, 182.05627705627705), (149.67045454545445, 203.33874458874459), (122.47619047619042, 211.61525974025972), (95.281926406926345, 203.33874458874459), (126.02326839826833, 190.33279220779218), (124.84090909090901, 200.97402597402595), (154.39989177489173, 180.87391774891773), (120.11147186147178, 172.59740259740255), (90.552489177489122, 167.86796536796533), (173.31764069264062, 254.18019480519479), (173.31764069264062, 225.80357142857139), (173.31764069264062, 199.79166666666663), (199.32954545454538, 264.82142857142856), (183.95887445887439, 274.280303030303), (167.40584415584408, 273.09794372294368), (147.30573593073586, 264.82142857142856), (213.51785714285705, 308.56872294372295), (191.05303030303025, 328.66883116883116), (148.48809523809518, 327.48647186147184), (127.20562770562765, 309.75108225108227), (162.67640692640686, 293.1980519480519), (181.59415584415575, 295.56277056277054), (71.63474025974017, 400.7927489177489), (251.3533549783549, 409.06926406926408)]

The Donald

tri1_vertices_raw = [(299.83008658008652, 210.4329004329004), (296.28300865800855, 232.89772727272725), (284.45941558441552, 254.18019480519479), (273.81818181818176, 307.38636363636363), (253.71807359307354, 353.49837662337666), (214.70021645021637, 378.3279220779221), (154.39989177489173, 361.77489177489178), (101.19372294372289, 326.30411255411252), (77.546536796536714, 288.46861471861473), (71.63474025974017, 254.18019480519479), (51.534632034631954, 238.8095238095238), (44.440476190476147, 212.79761904761904), (40.893398268398215, 150.13257575757575), (69.270021645021586, 114.66179653679649), (88.187770562770481, 69.732142857142833), (186.32359307359297, 42.537878787878753), (277.36525974025966, 75.643939393939377), (286.82413419913411, 166.68560606060606), (311.6536796536796, 174.96212121212119), (265.54166666666657, 196.24458874458873), (246.62391774891768, 204.52110389610385), (218.24729437229428, 198.60930735930737), (247.806277056277, 187.9680735930736), (244.25919913419904, 197.42694805194805), (275.00054112554102, 177.32683982683983), (251.3533549783549, 176.14448051948051), (215.88257575757569, 179.69155844155841), (159.12932900432895, 195.0622294372294), (140.21158008658, 200.97402597402595), (116.56439393939388, 197.42694805194805), (140.21158008658, 185.60335497835496), (140.21158008658, 195.0622294372294), (167.40584415584408, 179.69155844155841), (140.21158008658, 173.77976190476187), (105.92316017316011, 177.32683982683983), (201.69426406926397, 263.63906926406924), (196.96482683982674, 228.16829004329003), (195.78246753246748, 205.70346320346317), (227.70616883116872, 260.09199134199133), (212.33549783549773, 274.280303030303), (176.86471861471853, 274.280303030303), (162.67640692640686, 261.27435064935065), (228.88852813852805, 303.83928571428567), (213.51785714285705, 321.57467532467535), (172.1352813852813, 323.93939393939394), (143.75865800865796, 306.20400432900431), (179.22943722943717, 295.56277056277054), (201.69426406926397, 295.56277056277054), (65.722943722943683, 303.83928571428567), (301.01244588744584, 320.39231601731603)]

Will

[(777.33549783549802, 548.07142857142844), (773.87229437229462, 703.91558441558436), (735.77705627705654, 797.42207792207785), (586.85930735930742, 939.41341991341983), (521.0584415584417, 949.80303030303025), (431.01515151515173, 935.95021645021643), (316.72943722943728, 818.2012987012987), (254.39177489177496, 717.76839826839819), (240.53896103896113, 579.24025974025972), (237.07575757575762, 423.3961038961038), (299.41341991341994, 260.62554112554108), (493.35281385281405, 184.4350649350647), (645.73376623376635, 212.14069264069258), (773.87229437229462, 399.15367965367955), (732.31385281385292, 426.85930735930719), (649.19696969696997, 423.3961038961038), (566.0800865800868, 440.71212121212113), (420.6255411255413, 461.49134199134187), (351.36147186147195, 437.24891774891762), (282.09740259740272, 451.10173160173156), (708.07142857142867, 516.90259740259728), (638.80735930735955, 537.68181818181813), (583.39610389610402, 527.29220779220771), (635.34415584415592, 492.66017316017303), (420.6255411255413, 541.14502164502153), (379.0670995670996, 548.07142857142844), (289.02380952380963, 537.68181818181813), (372.14069264069281, 509.97619047619037), (635.34415584415592, 520.36580086580079), (372.14069264069281, 534.21861471861462), (590.32251082251105, 679.67316017316011), (507.20562770562788, 703.91558441558436), (424.0887445887447, 686.59956709956703), (503.74242424242448, 651.96753246753235), (500.27922077922085, 568.85064935064929), (638.80735930735955, 773.1796536796536), (566.0800865800868, 825.12770562770561), (472.5735930735932, 825.12770562770561), (392.91991341991343, 776.64285714285711), (493.35281385281405, 755.86363636363626), (545.30086580086595, 755.86363636363626), (902.01082251082266, 849.37012987012986), (150.49567099567105, 894.39177489177484)]

Emilie

[(708.07142857142867, 593.09307359307354), (701.14502164502187, 662.35714285714278), (690.75541125541145, 735.08441558441552), (548.76406926406935, 890.92857142857144), (469.1103896103898, 904.78138528138527), (379.0670995670996, 890.92857142857144), (257.85497835497847, 766.25324675324669), (237.07575757575762, 707.37878787878788), (233.61255411255422, 610.40909090909088), (247.46536796536805, 433.78571428571422), (295.95021645021654, 305.64718614718595), (489.88961038961043, 208.67748917748895), (645.73376623376635, 298.72077922077915), (697.68181818181824, 444.17532467532453), (663.0497835497838, 409.54329004328997), (597.24891774891785, 385.30086580086572), (517.5952380952383, 385.30086580086572), (403.30952380952385, 399.15367965367955), (347.89826839826844, 395.69047619047615), (282.09740259740272, 409.54329004328997), (645.73376623376635, 482.27056277056272), (576.46969696969722, 499.58658008658006), (531.44805194805213, 485.73376623376612), (590.32251082251105, 451.10173160173156), (406.77272727272748, 496.12337662337654), (358.28787878787887, 506.51298701298697), (275.17099567099569, 489.19696969696963), (358.28787878787887, 454.56493506493496), (583.39610389610402, 475.34415584415581), (361.75108225108238, 482.27056277056272), (548.76406926406935, 641.57792207792204), (472.5735930735932, 641.57792207792204), (389.45670995671003, 627.7251082251081), (469.1103896103898, 589.62987012987003), (469.1103896103898, 513.43939393939388), (586.85930735930742, 731.62121212121201), (514.13203463203467, 762.79004329004329), (431.01515151515173, 762.79004329004329), (358.28787878787887, 735.08441558441552), (437.94155844155853, 703.91558441558436), (489.88961038961043, 703.91558441558436), (884.69480519480544, 970.5822510822511), (108.93722943722946, 960.19264069264068)]

My face for mean population = 
[(205.21428571428569, 314.30519480519479), (209.1103896103896, 345.47402597402595), (211.70779220779221, 370.14935064935059), (231.1883116883117, 402.61688311688306), (253.26623376623374, 419.5), (277.94155844155841, 435.08441558441552), (311.70779220779218, 444.17532467532465), (341.57792207792204, 438.98051948051943), (359.75974025974028, 425.99350649350646), (383.13636363636363, 407.81168831168827), (409.11038961038957, 370.14935064935059), (422.09740259740261, 340.27922077922074), (425.99350649350652, 315.60389610389609), (400.01948051948057, 237.68181818181813), (385.73376623376623, 229.88961038961031), (368.85064935064941, 224.6948051948051), (354.56493506493507, 224.6948051948051), (337.68181818181824, 236.38311688311683), (350.66883116883116, 245.47402597402589), (364.9545454545455, 246.7727272727272), (381.83766233766232, 245.47402597402589), (222.09740259740258, 240.27922077922074), (231.1883116883117, 229.88961038961031), (248.07142857142858, 225.9935064935064), (263.65584415584419, 229.88961038961031), (279.24025974025972, 240.27922077922074), (264.9545454545455, 248.0714285714285), (249.37012987012989, 251.96753246753241), (235.08441558441555, 246.7727272727272), (337.68181818181824, 201.31818181818176), (350.66883116883116, 198.72077922077915), (372.74675324675331, 190.92857142857133), (392.22727272727275, 196.12337662337654), (407.81168831168827, 203.91558441558436), (284.43506493506493, 210.40909090909082), (267.5519480519481, 202.61688311688306), (249.37012987012989, 200.01948051948045), (231.1883116883117, 200.01948051948045), (215.60389610389612, 205.21428571428567), (261.05844155844159, 361.05844155844147), (283.13636363636363, 342.87662337662334), (310.40909090909088, 337.68181818181813), (336.38311688311694, 344.17532467532465), (358.46103896103898, 364.95454545454538), (328.59090909090912, 379.24025974025972), (305.21428571428567, 381.83766233766232), (280.53896103896102, 376.64285714285711), (275.34415584415581, 290.92857142857139), (288.33116883116884, 277.94155844155836), (297.42207792207796, 255.86363636363632), (275.34415584415581, 311.70779220779218), (293.52597402597405, 313.00649350649348), (310.40909090909088, 313.00649350649348), (328.59090909090912, 313.00649350649348), (344.17532467532465, 309.11038961038957), (342.87662337662334, 290.92857142857139), (335.08441558441564, 275.34415584415581), (325.99350649350652, 259.75974025974017)]







